0 2 39 29 0 0 0 0 0 14 9 40 0 
20 0 0 0 21 35 40 18 1 0 0 0 34 
18 0 0 0 8 0 0 0 34 0 0 0 20 
10 0 0 0 30 0 23 0 13 0 0 0 6 
0 39 38 22 27 0 0 0 0 34 11 16 0 
0 0 0 0 5 0 0 0 15 0 0 0 0 
16 36 19 38 42 15 2 6 4 8 31 20 12 
20 0 0 0 0 0 0 0 0 0 0 0 42 
34 5 23 24 14 24 27 8 1 28 30 27 1 

0 0 13 0 0 0 0 0 0 0 13 0 0 
41 0 0 0 0 23 37 14 0 0 0 0 11 
0 0 0 0 35 0 0 0 37 0 0 0 0 
41 0 0 0 26 0 36 0 6 0 0 0 27 
0 0 16 0 32 0 0 0 33 0 18 0 0 
0 0 0 0 13 0 0 0 12 0 0 0 0 
2 24 26 30 14 3 4 10 33 8 25 4 1 
24 0 0 0 0 0 0 0 0 0 0 0 28 
32 33 0 22 0 32 0 28 0 31 0 25 29 

0 0 0 0 0 0 0 0 0 0 0 0 0 
0 0 0 0 0 4 2 31 0 0 0 0 0 
0 0 0 0 0 0 0 0 0 0 0 0 0 
0 0 0 0 10 0 6 0 33 0 0 0 0 
0 0 0 0 10 0 0 0 17 0 0 0 0 
0 0 0 0 0 0 0 0 0 0 0 0 0 
28 0 17 0 0 0 0 0 0 0 16 0 23 
25 0 0 0 0 0 0 0 0 0 0 0 9 
31 0 0 0 0 0 0 0 0 0 0 0 18 

0 0 0 0 0 0 0 0 0 0 0 0 0 
0 0 0 0 0 0 0 0 0 0 0 0 0 
0 0 0 0 0 0 0 0 0 0 0 0 0 
0 0 0 0 0 0 30 0 0 0 0 0 0 
0 0 0 0 0 0 0 0 0 0 0 0 0 
0 0 0 0 0 0 0 0 0 0 0 0 0 
0 0 0 0 0 0 0 0 0 0 0 0 0 
0 0 0 0 0 0 0 0 0 0 0 0 0 
0 0 0 0 0 0 0 0 0 0 0 0 0 

